102648798	102648804
102648867	102648873
102648873	102648878
102648932	102648937
102648943	102648948
102649036	102649041
102649106	102649111
102649107	102649112
102649116	102649125
102649117	102649124
102649118	102649123
102649315	102649322
102649394	102649399
102649452	102649459
102649456	102649461
102649457	102649462
102649464	102649469
102649466	102649473
102649493	102649504
102649494	102649503
102649495	102649502
102649496	102649501
102649573	102649578
102649573	102649580
102649574	102649579
102649575	102649580
102649596	102649602
102649659	102649664
102649686	102649691
102649723	102649729
102649838	102649843
102649878	102649883
102649878	102649885
102649878	102649887
102649879	102649884
102649879	102649886
102649880	102649885
102649896	102649901
